4
4.5
3.5
3
2.5
2.5
2.5
2.5
2.5
2
2
2
2
2
2
3.5
4.5
4.5
4.5
5.5
5.5
5.5
7
6
6
6.5
6.5
6.5
6.5
6.5
6
5
5.5
5.5
5.5
5.5
5.5
5.5
5.5
5.5
7
6.5
7.5
8.5
10
8.5
8.5
9.5
9.5
9.5
9.5
10.5
11.5
12
12
11
11
12.5
12.5
13
11.5
10
10
10
10
10
8.5
7
7.5
7.5
7
7
6.5
6
6
6
6.5
7.5
7.5
7.5
8
8
8.5
8.5
8.5
8.5
8.5
9.5
8.5
8.5
8
8
9
10
12
13
13
13
13
12.5
12.5
11.5
10
10
10
10
9
10.5
10.5
10.5
10.5
10.5
12
12
12
11
11
11
11
11
10
9.5
9.5
9.5
9.5
10.5
12
12
12
12
12
12
12
12
12.5
14
15
15
16
16
16
17.5
18
17
18
17
16.5
16
16
16
16
17
17
17
15.5
15
15
14.5
13
13
13
13
13
13
13
12
13
14
14.5
14.5
14.5
14.5
14.5
13.5
13.5
12.5
13.5
13.5
13.5
13.5
13.5
13
12
11.5
11
10
10
10
7.5
7
7
7
7
6
6.5
7.5
8
7
7
8
7.5
7.5
6.5
6
5
5.5
5
5
4.5
5.5
4.5
4.5
4.5
5.5
7
4.5
5.5
5.5
5.5
5.5
6.5
6.5
6.5
6.5
6.5
7
7
6.5
7
6
6
4.5
4.5
3.5
3.5
3.5
4.5
4.5
4.5
4.5
5
5
3.5
3.5
3
3
4.5
4.5
4
4
4
4
4
4
3
3.5
3.5
2.5
2
2
2
2
3.5
2.5
4
4
3
3
4
3.5
3.5
3.5
5
2.5
3
3
3
3
3
3
3
3
2.5
3.5
3.5
3.5
3.5
3.5
5
5
5
5
5
5.5
5.5
5.5
5.5
5.5
5.5
6
6
5.5
5
5
5
7
7
8.5
8.5
8.5
8.5
8.5
8.5
8.5
8.5
8.5
9
9
9
9
8.5
9
9
7.5
6.5
6
6
6
4.5
4.5
4.5
4.5
3
3
3
3
2.5
3
3
3
2.5
2.5
3.5
3.5
3.5
3.5
3.5
3.5
4.5
3.5
3.5
3.5
5
4
4
3.5
4
4
5
5
5
5
5
5
5
4.5
3.5
3
3
3.5
3.5
3.5
3.5
3.5
4.5
3.5
3.5
4
4.5
4.5
4
4
4
4
2.5
2.5
2.5
2.5
2.5
2.5
3
2
2
2
2
2
3
3
3
3
4.5
4.5
4.5
4.5
5
5.5
5.5
5.5
5.5
6.5
6.5
7
7
7
7
7
8.5
8.5
6
7
7
7
7
7.5
6
6
5.5
5.5
4.5
4.5
4.5
4.5
4.5
4.5
4.5
4.5
4.5
4.5
4.5
4.5
4
4
4
4.5
4.5
6.5
5.5
5.5
5
5
5
6.5
6.5
5.5
5.5
5.5
5.5
5
5
4
4
3
3
3
3
3
3
3
3
3
3
3
3
4.5
6
6.5
6.5
7.5
7
7
7
7
6.5
6.5
6.5
8
8.5
8.5
9.5
9.5
9
10
9
9
8.5
8.5
8.5
8.5
7.5
6
6
6
6
6
6
7
7
7
7
7
7
6.5
7
7
7
7
7
7
7.5
7.5
7.5
7.5
8
6.5
6.5
6.5
6.5
6.5
7.5
7.5
7.5
7.5
7
7.5
7.5
7.5
6.5
5.5
6
4.5
4.5
5.5
6
6
6
7.5
7.5
8
8
8
9.5
9.5
9.5
9
10
10
9.5
9.5
9
8.5
8.5
9
10.5
10.5
10.5
10.5
10.5
10.5
10.5
11
10
10.5
9.5
8
8
8
7.5
8
6.5
7
7
6.5
7
8
8
8
7
7
7
8
8
8
7.5
8.5
8.5
9
9
9.5
9.5
10.5
9.5
8.5
7.5
7.5
7.5
7.5
7
7
7
7
7
7.5
7.5
8
8
9
10.5
11
11
11
10.5
10.5
10.5
10.5
10.5
10.5
9
9
9.5
11
11
11
10.5
10.5
10.5
9
9
9
9
9
9
9
9
9
9
10
10
10
10
10
10
10.5
11
11
9.5
9.5
9.5
9.5
9.5
9
9
10.5
11
11
11
11
11
10.5
10.5
12
12
11
11
11
11
11
11
11
12
12
11
11
11
12
12.5
12.5
12.5
13
13
14
15.5
16
14.5
15
14.5
14.5
14.5
14.5
14
14
14
15.5
15.5
15.5
15.5
15.5
15.5
16.5
16.5
16.5
15.5
15.5
15.5
15.5
15.5
16
16
16
16
16
16
16.5
15.5
15.5
16
16
14.5
14.5
14.5
14.5
14.5
14.5
13.5
13.5
14
14
14.5
14.5
13
13
13
14
15
15
15
16
16
16
16
16
16
15.5
16
15.5
15
15
15
15
16.5
16.5
16.5
17.5
19.5
19.5
19.5
19.5
19.5
19.5
19.5
19.5
19
19
19
21
21
20
20
20
22.5
22.5
24
23.5
23.5
23.5
23.5
23
23
23.5
24.5
25
25
23
23.5
24.5
25.5
25.5
25.5
24.5
26
26
26
26
25
24.5
24
23.5
23.5
23.5
23.5
23.5
23.5
23.5
24.5
24.5
24
24
24
24.5
24.5
24.5
24.5
23.5
23.5
23.5
22
22
23
23
23
24
23.5
24
24
24
22.5
22.5
23.5
23
23
23
23
24.5
26
26
25.5
25
25
25
25
23.5
23.5
23.5
23.5
23
23
24
24
24
24
23.5
26
27
27
28.5
28
28
28.5
28
29.5
30.5
31.5
32
33.5
32.5
32.5
32.5
32.5
32.5
32.5
32.5
34
34
34.5
34.5
35.5
35.5
35.5
35
33.5
33
33
35
35
33.5
34
33
33
33
33
32
32
32
32.5
32.5
32.5
32.5
32.5
32.5
32.5
32
32
32
32
32
32
32
32.5
31.5
31.5
30
30.5
31
30
29.5
29.5
29.5
29.5
28.5
29
29
29.5
30
30
30
30.5
30.5
30.5
30.5
28.5
28.5
28.5
28
28.5
28.5
28.5
27.5
27.5
27.5
27.5
28
27.5
27.5
27.5
27.5
27.5
26.5
26.5
26.5
27.5
27.5
27.5
27.5
26.5
26.5
26.5
26.5
26.5
27
27
27
28.5
29.5
29.5
30.5
30.5
30.5
30.5
30.5
31.5
31.5
31.5
31.5
32
31.5
31.5
30.5
30.5
30
30
29
29
28.5
28.5
28.5
28.5
28
27.5
28.5
28.5
28.5
29.5
