1
2.5
2.5
2.5
2
3
4.5
4.5
5
5
5
5
4
5
5.5
5.5
5.5
5.5
5.5
5.5
5.5
5.5
5.5
5.5
5.5
5.5
4.5
3
3.5
4.5
4.5
5.5
5.5
5.5
7
6
6
6
6
7
7
7
6.5
7.5
7.5
6.5
6.5
6.5
6.5
7
7
7.5
6
7.5
5.5
5.5
5.5
5.5
5.5
5.5
5.5
5
5
5
4.5
5
5
5
5
5
5
5
5
4
4.5
5.5
5.5
7
7.5
9
9
7.5
7.5
7
7
9
10
10
11
10.5
12
12
12
12
12
12.5
12.5
12.5
12.5
11.5
11.5
11.5
11.5
10.5
11.5
11.5
13
13
13
13.5
13.5
14
15
15
16.5
16.5
16.5
16
16
17.5
17.5
16
15
16
15.5
15.5
15.5
15.5
15.5
15.5
15.5
15.5
15.5
15.5
14.5
14.5
14.5
13.5
15
14.5
15
15
15.5
15.5
15
15
15
15
15
16
16
16
15.5
15.5
15.5
16.5
16.5
16.5
16.5
17
16
17.5
18
18
18
18
18
18
17.5
17.5
18.5
18
18
18
18.5
18.5
19
19
17.5
18
18
18
18
18
17.5
17.5
17.5
18
18
18
17.5
17.5
17.5
18.5
19.5
19.5
19.5
19.5
20.5
20.5
20.5
20.5
20
20.5
20.5
20.5
20.5
20.5
20.5
20.5
20.5
19.5
19.5
21.5
20.5
20.5
22
22
22
19.5
19.5
19.5
19.5
17.5
17
17
18
18
18
18
17.5
18.5
18.5
18
18
18
18
17.5
17.5
17.5
17.5
17.5
18.5
18.5
17.5
16.5
16.5
16.5
17
18
18.5
20
19.5
19.5
19.5
18
18
18
19
17.5
17.5
15.5
15.5
14
15
15
15
15
15.5
17.5
17.5
17.5
17.5
17.5
17.5
17.5
17.5
18.5
18.5
19.5
18.5
18.5
19.5
18.5
18.5
18.5
20
19
19
19
19
20
19.5
18.5
17.5
17.5
17.5
18
18
18
18
18
18
18.5
18.5
20
20
19.5
19.5
20
19.5
19.5
19.5
19.5
18.5
20.5
20
20
19
19
20.5
20.5
20.5
20.5
20.5
20.5
20
20
21.5
21
21
21
21
21
20.5
20
21
21
21
23
24.5
24
24
23.5
25
25
25
25
25
25
24.5
24.5
24.5
24.5
25
25
26
26
26
25.5
24.5
25
26
26
25
25
25
25
25
25
26
25.5
24.5
25
25
24.5
26
27
27
27
27.5
29
28
28.5
28.5
28.5
29.5
30
30
30
30
30
30.5
30.5
30.5
29.5
29.5
31
31
32.5
32.5
33
34
34
32
32
30.5
29
28.5
27.5
27.5
28.5
29.5
30.5
30.5
31
31
31
31
31
31
31.5
32
32
32.5
32.5
32.5
31
30.5
30.5
30.5
30
30
30
28.5
28.5
28.5
28.5
28
28
28.5
29
28.5
31
31
31
31
29.5
29.5
31
31
31
31
31
32
32
32
33
32
32
32
32
32
32
32
31
31.5
31.5
33
34
34.5
34.5
34.5
33
34
34
34.5
36
36
34.5
35
35
35
34.5
33.5
33.5
32
31.5
31.5
31
31
31
31
31
30.5
30.5
31
32
32.5
32.5
32
32
33.5
34.5
33.5
33.5
35.5
35
35
36.5
38
38
37
36
36
36
36
35
36
36
36
36
36
35
35
35
36
36.5
35.5
35.5
35.5
35.5
35
35.5
36.5
36.5
36.5
36.5
37
37.5
37
37
36
36
36
36
36
36
35.5
35
35
37.5
37.5
37.5
37.5
38
38
37.5
36.5
36.5
36.5
35.5
35.5
38
38
38
38
38
39
39
39.5
39.5
39.5
39.5
39.5
39.5
38.5
38.5
38.5
37
37
37
37
38
38
38.5
38.5
38.5
38.5
40
40.5
40.5
41
41.5
41.5
41.5
40
40
39.5
39
39.5
38.5
38.5
38.5
38.5
38
38
38
38
38
38
38
38
37
37
37
38
39
40
40
39
39
38.5
38.5
38.5
38.5
39.5
39.5
40.5
40.5
43
43
41.5
42.5
41.5
41.5
41.5
41.5
42
42
42
42
42
42
41
42
42.5
42.5
42.5
43
43
41
41
40
40
41
41
40
39
39.5
39.5
40
40.5
40.5
40.5
42
43.5
43.5
43.5
43.5
43.5
44
43
43
43
43
43
41
42
41.5
41
41
40.5
41.5
42.5
42.5
43
42
42
42
43
44
44
44
44
42.5
42.5
42.5
42.5
42.5
42.5
42.5
42.5
42.5
42.5
41
41
41
41
41.5
41.5
40.5
40.5
40.5
40.5
41
41
41
40
40
41
42
42
43.5
43.5
43.5
43.5
43.5
42.5
41.5
42.5
42.5
44
44
44
45
45
45
43.5
43.5
43.5
43.5
43.5
43.5
43.5
43.5
43.5
43.5
43.5
43.5
43.5
43.5
43.5
43.5
43.5
43.5
45
44.5
44.5
44.5
44.5
44.5
44.5
44.5
45
43.5
43.5
43.5
44
45
45
45
45
45
45
46.5
47
47
47
48.5
50
50
50
50
50
49.5
49.5
49
49
49
49
49
49
48
47.5
47.5
47.5
46
47
47
47
47.5
47.5
47.5
47.5
47.5
47.5
48.5
48.5
47.5
47.5
49
49
49
47.5
47.5
46
46
46
46
47
47
46.5
47
46
45.5
46.5
46
46
46
46
46
46
45.5
46.5
48
48
48
47.5
47.5
47.5
47.5
47.5
47.5
46
46
46
45.5
45.5
46.5
45.5
45.5
45.5
44.5
44.5
44.5
44.5
45
45
45
45.5
45.5
45.5
45.5
45.5
44.5
44.5
46
46
46
46
46
46
47
47.5
47.5
47.5
46.5
46.5
46.5
46.5
45.5
44
43.5
43.5
43.5
43.5
43.5
43.5
43.5
43.5
43.5
43.5
43.5
44
44
44.5
44.5
44.5
46
45
45
44.5
44
45.5
44.5
44.5
44.5
45
46
45.5
45.5
45.5
44.5
45
45
45
45
45
44.5
46
46
46
46
46
46
46
46
46
46
46.5
46
46
47
47
47
47
47
47
46.5
46.5
46.5
45.5
45.5
45.5
45.5
45.5
44.5
44.5
43
43.5
44
43.5
43.5
43.5
43.5
44
44
44.5
44.5
43.5
43.5
43.5
43.5
42.5
41.5
41.5
41.5
41.5
41.5
42.5
41
40
39.5
39.5
41
40.5
40
40
40
40
39
39
39
39
39
39
40
39.5
39.5
37.5
37.5
37.5
36.5
37
37
37
37
36
35
35
