25.5
24.5
24.5
24.5
24.5
26.5
26.5
27.5
28
29
29.5
29.5
29.5
29.5
29.5
29
28.5
28
28
27
27
27.5
27.5
27.5
27.5
27.5
27.5
27.5
27.5
27.5
27.5
26.5
26.5
26.5
25.5
25.5
25.5
25.5
25.5
25.5
25.5
27
27
28
28
27
27
27
25.5
24
24
23.5
23.5
23.5
23.5
25
25
25
24.5
25
25
25
25.5
25.5
25.5
25.5
27.5
27.5
26.5
26.5
26.5
26.5
26.5
25.5
25
24.5
26
26
26
26.5
26.5
26.5
26
26.5
26.5
26.5
26.5
26.5
26.5
26.5
26.5
27.5
27.5
28
28
28
28
28
28
28.5
28.5
29.5
29.5
29.5
29.5
29.5
29.5
28.5
28.5
28
28
29
29
28.5
29.5
29
29
29
30
30
30
30
29
28.5
28.5
28.5
28.5
29.5
29
29
30
31.5
31.5
31
29.5
29.5
29
29.5
29.5
29.5
31.5
31.5
31.5
32.5
32
32
32
33
31.5
32.5
32.5
32.5
32.5
32
30.5
29.5
29.5
29.5
29.5
27.5
28.5
28.5
27.5
27.5
27
27
27.5
30
28.5
29.5
28.5
28
28
28
29
29
28.5
29.5
29.5
29.5
30.5
30.5
31.5
31.5
29.5
30
30.5
30.5
30.5
30
30
30
29.5
30
29
29
28
28
28
28
28
28
28
27.5
27.5
28
29
29
29
30
29.5
28.5
28.5
29.5
28
27.5
26.5
28
28
27
26
26
26
26
26
27
28
28
28
28
29
28.5
28.5
28.5
28.5
28.5
28.5
28
28.5
29
29
30
30
30
30
30.5
29.5
29.5
29.5
30
30
29.5
28.5
28.5
28.5
28.5
28.5
29
29
30
28
28
28
28
28.5
29.5
29.5
29
29.5
30
29.5
30
31
32
31
32
32.5
32.5
32.5
32.5
31.5
31.5
32
32
33
34
33
32
32
33
33
33
33
33
33
33
33
34
33
33
33
33.5
32.5
32.5
33.5
33.5
33.5
33
33
33
32
32
32
32.5
32.5
33.5
34
35
35
35
35
35
35
34.5
35
34
34
34
36
38.5
38.5
39.5
38.5
38.5
38.5
39
39
39
40
41
41
42.5
42.5
42
42
40.5
39.5
41
41
41
41
41
41
40.5
42
42
42
42
41
42
41
41
40.5
40.5
40.5
40
38.5
36.5
36.5
38
38.5
38.5
38.5
38.5
40
40
40
40
40
39
40
40
41
41.5
41.5
41.5
41.5
41.5
41.5
41.5
42
41.5
43
41.5
41.5
41.5
41.5
41.5
42.5
42.5
43
43
43
43
43
43
43
43
42
41
42
42
42
42
42
42
42
42
42
42
40.5
38.5
38
38
39
38.5
39
39
39
38
38
38
39.5
39.5
39.5
39.5
40
40
40
40
39
38
38
38
38
39.5
39
39
39
39
40
39.5
41
40
38.5
38.5
38.5
38.5
36
36
36
36
35
35.5
35.5
35.5
35.5
35.5
35.5
35.5
35.5
35.5
35.5
35.5
35.5
36.5
36.5
38
38
36.5
36.5
36.5
36.5
36.5
36.5
36.5
36.5
36.5
37
37
36.5
35.5
34.5
33.5
33.5
34.5
34.5
34.5
34.5
34
34
35.5
35.5
36.5
37
38
39
38.5
39
37.5
37
36.5
36.5
35
34.5
34.5
34.5
34.5
34.5
34.5
34
34
34.5
34.5
34.5
34.5
34.5
34.5
35.5
35.5
35.5
36.5
36.5
36.5
36.5
37.5
37
38.5
38.5
39.5
39.5
39.5
39
37.5
38
37
37
37
37
38
38
38
38
38
38.5
38.5
38.5
38.5
39.5
39.5
39.5
39.5
39.5
39.5
39.5
37.5
37.5
37.5
36
36
36
37.5
36.5
36.5
35
34.5
34.5
34.5
36
36
36
36
36
36
36
36
35
35
35
35
35
35
35
37.5
38.5
40
39
39
38
38
37
37
35.5
35.5
35.5
35.5
35
35
34.5
34.5
33.5
32
32
33
32
32
32.5
34
34
33.5
33.5
33.5
33.5
32.5
34
34
32.5
31.5
31.5
32
32
32
32
31
32
32
33
33
33
33
33
33
33
34
34
33
33
32
31.5
30.5
30
30
30
30
30.5
29.5
29.5
31
31
31
29.5
29.5
29
29
29
29
29
29
30
30
28.5
29
29
28.5
28.5
28
28
29
28
27
27
27
27
27
27
28
27.5
29.5
29.5
29.5
29.5
28.5
28.5
28.5
28.5
28
27.5
27.5
27.5
27.5
27
26
25
25
25
24
25
26.5
26.5
26.5
26.5
28
29
29.5
30.5
30.5
30.5
30
31.5
31.5
30
30
29.5
28.5
28
29
29
29
29
29
29
28
28
29
29
29
29
28.5
29
29
28
28
29.5
29.5
29.5
29.5
29.5
29.5
31
31
31
32.5
32.5
31.5
31.5
31.5
31.5
31.5
33
33
32
32
32
32
32
32
32
32.5
32.5
32.5
32.5
32.5
31
30.5
30.5
30.5
30.5
30.5
32
32
33
32.5
31.5
30.5
30.5
30
28
29
30
30
27.5
27.5
27.5
27.5
28.5
28.5
28.5
28.5
28.5
28.5
28.5
28.5
28.5
28.5
28.5
28.5
28.5
29
29
29
28
28.5
26.5
26
25
25.5
25
25.5
25.5
27
27
26
26
25.5
25.5
24
24
25
24
25.5
25.5
26.5
26.5
26.5
26
26
26
26
26
26
28
26.5
26.5
26.5
26.5
26.5
24.5
23.5
23.5
23
22
20.5
21.5
21.5
21.5
21.5
22
22
22
22
21.5
23
24.5
24.5
24
24.5
24.5
24
24
24
24
23.5
23.5
22.5
23
23
25.5
25.5
25
25
25.5
27
26
26
26
27
27.5
27
27
27
26.5
26.5
26
26
26
26
26
26.5
27
28.5
28.5
28
28
28
28
28
28
28
26
26
26
26.5
26.5
26
25.5
24
24
24
24
24
23
22.5
22.5
23.5
24
25
25
25.5
25
26
26
26.5
28
28
28
26.5
26.5
26.5
26.5
26
24.5
24.5
24.5
23
23
23
23
23
23
23.5
23.5
23
23
23
23
22
22
22
23.5
24.5
25.5
25.5
25.5
25.5
25.5
25.5
25.5
25.5
25.5
25.5
25.5
24.5
24
24
24
24
24
24
24
24
24
25
24
24
24
24
24.5
24.5
24.5
24
24
22.5
21
19.5
19.5
19.5
19.5
19.5
19.5
19
18.5
