25
23.5
23.5
23.5
22
22
22
24
24
24
23
23
22
22
22
21
19.5
19.5
19.5
19.5
19.5
19.5
19.5
19.5
19.5
19.5
19
19
19
19
17.5
17.5
17.5
16
16
15
15
16
16
16.5
16.5
18
19.5
19.5
19.5
19.5
19
19
19.5
19.5
18
17.5
16
16
16
18.5
18.5
17.5
17.5
17.5
19
18.5
18.5
18.5
18.5
18.5
18.5
18.5
18.5
17.5
17.5
16.5
16.5
16
16
16
16
17
17
16.5
17.5
17.5
19.5
20.5
20.5
19
19
19
18
18
18
17.5
20
20
20
20
20
20
20
20
19.5
19.5
19.5
19.5
20
21
21
21
22.5
22.5
24
23.5
24.5
25.5
25
25
24.5
24.5
24
24.5
24.5
24.5
24.5
24.5
24.5
25
24.5
24.5
26
24.5
24
24
24
25
23.5
23.5
23.5
23.5
23.5
24
23.5
23.5
24.5
24.5
24.5
24.5
24.5
24.5
24.5
25
24.5
24
24
25
25
24.5
23.5
23.5
22
21.5
20
19
19
19.5
19.5
19.5
19.5
19.5
21
20.5
21.5
21.5
21.5
21.5
20.5
20.5
21.5
21.5
22
22
20
21.5
21.5
22
22
21
21
21.5
20.5
20.5
20.5
20.5
21.5
21.5
22
22
22
22
22
23.5
24.5
24
24
24
25
26
24.5
24.5
24.5
24.5
23
23
23
23
23
22.5
22.5
22.5
22.5
23
23
23
23
22
22.5
21
19.5
19.5
19.5
20
21
21
21
20
21
20
19
20
20
19
19
19
21.5
21.5
22
22
22
22
23
22
22
22
22.5
22.5
22.5
21.5
21.5
21.5
21.5
21.5
21.5
21.5
22.5
22.5
22.5
23.5
23.5
23.5
23.5
24
24
22.5
22.5
22.5
22.5
22.5
22
21.5
22.5
22
22
22
22
22
20.5
21.5
22.5
22.5
21.5
22.5
23
24.5
23
23
23
23
22
22
21
20.5
21
19.5
19.5
20.5
21
20.5
20.5
20.5
19
20.5
20.5
19.5
19.5
21.5
20
18.5
19.5
19.5
19.5
19
19
19
19
19
19
19.5
20.5
20.5
20.5
20.5
20.5
21.5
21.5
20.5
20.5
20.5
20
20
19.5
19
19
19
19
20
20
20
20
20
20
20
18.5
18.5
18.5
17
17.5
17.5
16.5
18
17
17
16
16
15
15
13.5
13.5
13.5
13.5
13.5
12.5
12.5
12
12
12
12
12
12
12.5
12.5
12.5
12.5
12.5
14
15
14.5
14.5
14.5
14.5
13.5
13.5
13.5
13
13
13
13
13
12
12
12
12
12.5
13.5
13.5
13.5
13.5
13.5
16
15.5
15.5
15.5
15.5
15.5
15.5
16
15
15.5
15.5
16.5
16.5
15
15
15
15
15
14.5
14
14.5
14.5
16
16
18.5
20
20.5
21
22
22.5
22.5
22.5
23.5
23.5
23.5
23.5
23.5
22
23
22.5
22.5
22
22.5
22.5
22.5
24
24.5
24.5
24.5
24.5
24.5
24.5
24.5
24.5
24.5
24.5
25
25
26
26.5
26.5
28
28
29
29
29
30
29
28.5
28.5
28.5
28.5
28.5
29.5
29.5
29.5
30
30
30
29
29.5
31
31
31
31.5
31
31
31
31
30.5
30.5
30.5
29.5
29.5
29.5
31
31
30
30
30
30
30
31
30
30.5
30.5
30.5
30.5
30.5
29.5
29.5
30.5
30.5
30.5
30.5
29.5
28.5
29.5
29.5
28
29
29
28.5
29
29
27.5
28.5
28.5
28.5
29
29
29
29
29
29
29.5
28.5
28.5
28.5
28.5
29.5
29.5
28
28.5
26
26
27.5
27.5
28.5
28.5
29
29
30.5
30
30
30.5
30.5
30.5
30.5
30.5
31.5
33
34
34
34.5
36
36
37
37
37.5
36.5
36.5
36.5
36.5
35.5
35
33.5
32.5
32.5
32.5
34
34
33.5
33
33
33
33
33
33
34.5
36
36
36
36
34.5
34.5
34.5
34.5
35.5
36.5
36.5
36.5
35.5
35.5
35.5
35.5
35.5
35.5
34.5
34.5
33.5
32.5
32
32
32.5
32.5
33
34
34
35
35
35
33.5
33.5
33.5
33.5
33
33
33
33
34.5
34.5
34.5
34.5
34.5
34.5
35
34
34.5
34.5
34.5
33
33
33
34
36.5
35.5
36.5
36.5
37.5
36.5
35.5
35
35
35
35
34.5
35.5
36.5
36.5
36.5
36.5
36.5
36.5
35.5
35.5
36
36
35.5
34.5
34.5
34
34
35.5
35.5
37
36
38.5
39
39
39
39
39
39
39
39
38
38
38
39
39
39
39
39
39
39
37.5
37
37
37
37
37.5
37.5
37.5
38
38
39
38
38
37
36
36
36
36
36
36
35.5
36
36
36
36
35
36.5
36.5
36.5
36.5
38
37.5
37.5
39
39.5
38.5
38.5
38.5
38.5
38.5
39
39.5
41
41
41
42.5
42.5
44.5
44.5
44.5
44.5
44
45
45
43.5
42.5
43.5
43.5
43
44
44
45
44.5
44.5
44.5
45.5
47
47
47
47
48.5
48.5
48.5
48.5
49
49
49
50
50
50
50
50
49.5
49.5
47
47
47
47
47
47.5
47.5
47.5
47.5
48.5
48.5
48.5
47.5
47.5
47.5
48
48
49
49
49
49.5
50
51
52
53
53.5
55
53
55.5
55.5
55.5
56
55
55
55
56
57
57
58
58
58
58
58
59.5
59.5
59.5
59.5
59.5
59.5
60
60
60
60
60
60
59
59
59
59
57.5
57.5
57.5
57.5
57.5
56.5
56.5
56.5
57.5
58.5
59.5
58
58
58
58
58
58
58
59
59.5
61
60
59.5
59.5
59.5
59.5
59.5
59.5
60.5
60
60
61
61.5
61.5
62
61.5
61.5
61
61
61
62
62.5
62.5
62.5
62.5
62.5
62.5
62.5
62.5
62.5
62.5
62
63
63
63
64
64
64
62.5
63.5
63.5
63.5
63.5
63.5
64.5
64.5
64.5
63
63
62
62
63
63
63
62
62
62
62
62
62
61
60.5
60.5
60.5
60.5
60.5
60.5
60
60
60
59.5
59.5
59.5
59.5
59.5
60
60
60
60
59.5
59.5
61
61
61
61.5
61.5
61.5
61.5
61.5
61.5
61.5
61.5
62.5
62.5
62.5
62.5
61.5
61.5
61.5
61.5
63
63
63
63
62.5
62.5
63
61.5
61.5
61.5
61.5
61.5
62.5
62.5
62.5
62.5
62.5
62.5
62.5
63
63
63
61.5
61.5
60
61.5
61.5
61.5
63.5
63.5
63.5
63.5
62
61.5
61.5
61.5
