
25
24
18
18
22
22
20
21
21
17
16
17
14
21
19
18
23
17
16
18
17
10
13
14
16
16
17
16
15
14
16
15
19
17
15
17
24
22
18
19
19
17
22
17
23
20
22
20
17
11
17
16
15
14
16
8
18
14
17
15
15
20
18
14
15
20
17
14
15
15
14
11
18
14
15
16
10
18
18
7
10
16
13
9
12
17
9
14
12
13
10
18
14
12
11
14
10
10
9
7
9
9
15
12
9
12
13
11
14
8
18
13
12
13
17
13
17
8
18
9
12
11
9
15
17
18
19
15
16
15
18
9
12
14
20
10
8
10
13
18
16
18
14
20
22
16
16
20
16
7
9
12
13
17
12
7
13
10
14
12
8
11
7
10
13
4
10
8
8
12
10
12
11
15
12
7
15
13
9
7
9
12
8
4
14
10
4
17
12
10
18
13
9
10
11
13
12
7
10
11
16
13
5
12
11
13
15
15
9
12
10
11
13
6
11
8
11
9
11
13
9
10
7
10
11
10
9
8
9
3
8
11
7
7
11
14
13
14
11
8
9
19
9
9
13
15
16
11
10
15
7
5
8
14
16
12
6
17
17
5
10
8
10
8
8
7
7
9
10
4
6
10
13
11
16
7
17
11
13
12
12
17
17
16
17
16
19
17
14
14
19
17
9
15
10
16
7
15
10
12
12
15
10
12
15
16
18
17
12
12
10
12
18
18
8
12
15
15
15
16
14
7
15
13
17
17
15
19
15
11
16
9
20
15
15
12
19
14
11
11
15
10
9
14
15
15
8
10
19
14
18
13
10
12
17
18
11
15
14
9
12
11
5
11
13
7
13
7
10
8
9
14
8
13
14
11
12
16
8
13
8
10
15
13
9
11
9
10
18
13
14
11
12
8
20
11
13
14
18
15
6
13
14
12
15
15
12
9
9
14
7
5
10
3
8
6
8
8
9
13
17
9
14
9
7
4
7
9
6
2
13
13
12
6
10
8
8
12
4
8
14
12
4
6
11
4
4
10
8
8
5
5
8
6
8
4
12
6
7
5
10
3
9
25
4
1
9
11
3
12
10
12
5
17
10
12
10
6
4
7
25
8
15
9
7
3
8
10
5
5
6
4
17
4
1
4
3
5
2
3
1
11
2
8
25
10
4
2
2
7
7
1
1
7
1
3
3
3
10
2
7
8
6
25
1
4
2
9
6
9
25
2
3
4
5
1
6
4
4
25
2
25
3
4
3
10
1
4
3
1
1
2
25
5
3
4
9
3
4
3
4
1
8
9
3
4
1
5
5
3
5
7
4
13
7
2
11
10
6
9
5
11
8
1
1
4
1
3
5
5
14
6
4
14
7
8
10
9
8
11
6
1
9
2
3
7
7
10
3
4
4
3
8
3
11
25
6
3
11
7
10
1
25
3
6
9
1
8
7
2
13
10
11
11
5
3
5
1
6
11
5
5
10
4
4
3
12
25
11
4
6
13
7
5
14
8
12
6
5
8
5
4
9
6
4
10
6
13
11
10
3
14
4
6
17
5
12
19
10
4
5
3
3
11
1
10
4
2
4
6
8
2
3
11
7
14
3
1
13
25
5
3
5
25
5
10
8
3
6
15
13
12
5
5
6
10
10
8
7
3
6
4
5
5
9
25
9
3
8
6
2
7
12
6
3
7
12
10
5
11
7
11
5
4
12
12
3
6
7
6
2
5
2
25
12
7
3
4
5
9
8
7
9
7
19
1
3
5
25
6
7
8
8
9
1
2
5
15
8
10
4
10
7
10
15
2
7
12
12
14
10
1
12
10
3
5
8
8
7
9
1
6
7
2
7
10
1
10
3
1
7
6
16
5
5
25
2
3
4
5
14
3
3
8
1
6
7
5
5
7
3
5
1
11
7
2
5
7
14
5
10
6
6
3
4
11
13
5
2
4
17
11
5
4
1
8
7
5
11
9
1
1
3
12
8
8
3
1
4
6
1
8
4
9
10
2
4
5
7
1
3
4
3
11
9
3
11
4
25
3
8
8
7
9
25
13
8
3
2
7
2
25
3
4
7
9
10
12
10
3
3
5
3
2
7
1
4
2
4
1
1
6
14
11
1
10
11
6
1
1
12
7
2
4
7
9
13
11
4
1
3
2
4
8
10
4
2
9
2
1
4
4
4
4
2
2
3
3
25
7
6
13
18
7
6
1
25
8
7
5
3
5
3
4
3
8
3
4
1
1
10
7
6
6
13
9
4
8
5
5
3
2
4
25
4
12
2
9
3
10
2
