25
24
24
23.5
23
23
22.5
24
24
23
22.5
25
23.5
23.5
23.5
24
24
24
24.5
24.5
24.5
24.5
24.5
24.5
24.5
24.5
25.5
25.5
25.5
25.5
25.5
27
27.5
27.5
27.5
27
28
28
28
28
27
27
27
26.5
26
25.5
25.5
25.5
26
26
26
25.5
25
24
24
24
24
24
24
24
24
24
24
24
22.5
22.5
22.5
22.5
22.5
22.5
22
22
23
23
23
22
22
23.5
23.5
23.5
23.5
23.5
23.5
23.5
23
22.5
21
20
19
17.5
17.5
16
16
16.5
16.5
16.5
16.5
16.5
15
15
15
15
14
13.5
13.5
13.5
13.5
14.5
14.5
15.5
14.5
14
13.5
13.5
12
12
14.5
13
13
13
12
11
11.5
11.5
12.5
12.5
12
13
13
13
13
12
11
11.5
11
10
10
9.5
9.5
9.5
9.5
11
11.5
11.5
13
13
12.5
12.5
12.5
12.5
12.5
12.5
13
13
13
13
13
12.5
13.5
15
16.5
16.5
15.5
15.5
15.5
15
15
15.5
15.5
15.5
14
14
13
13.5
13.5
13.5
12
12
11
10
10
10
10
10
10
10
9.5
9.5
9.5
9.5
8.5
8.5
8.5
9.5
10
9.5
8
9
9
10.5
10.5
11
11
10.5
9.5
11.5
11.5
11
11
11
12.5
12
12
13
13
14.5
14.5
14
12.5
10.5
10.5
9
9
9.5
9.5
9.5
9.5
9.5
9.5
9.5
10
10.5
10.5
10.5
9.5
9.5
10
10
10
10
10
10
9.5
11
11
11
11.5
11.5
11
12
13
14.5
14.5
14.5
14.5
14.5
14.5
14
13.5
13.5
13.5
13
12
10.5
10.5
9
9
9
9
9
9
9
9
8.5
9
9
10.5
10.5
10
10
8.5
8.5
8.5
8.5
8
7
6.5
9
9
9.5
9.5
10
10
10
10.5
11.5
11.5
12.5
13
13
12.5
12
12
12
12.5
12.5
11
11
11
10
10
11
11
12
12
12
13
14
14
14
13
13
13
13
13
13
13
14
14
13
13
13
13
12
11
10.5
9.5
9.5
9.5
9.5
10.5
12
11
11
12
12
12
10.5
10.5
10.5
9
10.5
10.5
10.5
11.5
11.5
11.5
11.5
11
11
9
10
10.5
12.5
12.5
12.5
13.5
14.5
15.5
14.5
14.5
13
12.5
13
14
13
13
13.5
13.5
13.5
14
13.5
13.5
13.5
12.5
12
12
12
12
11
11
12.5
12.5
12.5
12.5
12.5
13
14
14
13
13
14.5
14
14
14
14
14
14
14
14
14
14
14
14.5
14.5
14.5
14.5
14.5
15.5
16
14.5
15
15
15
15
15
15
13.5
14
14
15.5
16
16
16
16
15
15.5
16
16
16
16
16
16
17
17
17
17
17
16
15.5
15.5
16
16
16
16
16
16
16.5
16.5
16
17
17
17
17
17.5
17.5
18
18
18
18
18
17.5
17.5
17.5
16.5
16.5
16.5
16.5
16.5
18
17
17
18
18
18
19.5
19.5
19.5
19.5
19
19.5
19.5
19.5
19.5
20.5
20.5
19.5
19.5
19.5
19.5
19.5
21
20.5
19.5
18.5
17.5
17.5
18
18
18
18
17.5
17
17
19.5
20.5
21
21
21
21.5
21.5
20.5
20.5
21.5
21.5
23
23.5
23.5
23.5
23.5
23.5
24
23.5
23.5
23.5
23.5
23.5
23.5
25
25
25.5
25.5
25.5
25.5
25.5
25.5
25.5
25.5
25.5
25.5
27
26
24.5
24.5
24.5
24.5
25
25
27.5
26.5
26.5
26.5
26.5
25
25.5
25
26
26
27.5
28
28
26.5
26.5
26.5
28
29
30
29
29
28
28
29
29
29
29
30
30
30
30
30
30
30.5
28.5
28.5
28.5
27
27
27
27
27
27
26.5
27
27
26
26
25
24.5
24.5
24.5
24
24
24
24
24
24
24
24
24
24
24
25
25
25
25
25
24
24
24
24.5
24.5
24
25
25
25
25
25
24
24
23.5
23
23
25.5
24.5
23.5
23.5
22
22
22
22
22
22
22
22
22
22.5
22.5
22.5
22.5
22.5
23
23
24
24.5
25
25
25
26.5
25
23.5
24.5
24.5
24.5
24.5
24.5
24.5
22
23
24
24
24
23.5
23.5
23.5
24
24
24
25
26.5
26.5
26.5
27
27.5
29.5
30
29.5
29.5
29.5
29.5
30
31
31
31
31
30.5
29
30.5
30.5
30
28.5
29.5
29.5
27.5
29
29
29
29
28.5
28.5
28
28
26
27
27
27
25
26.5
26.5
27.5
27.5
27.5
27.5
29
29
28
28
28
28
28
28
28.5
28
28
28
28
27.5
26.5
26.5
26.5
27.5
26.5
26.5
25.5
26.5
26.5
26.5
26.5
25.5
25.5
25.5
25.5
26
26
27
27
27
27
28.5
28.5
29.5
29.5
28.5
27
27
28
28
28
27.5
28
28
27
27
27
27
27
25.5
25.5
25.5
27.5
26.5
25.5
25.5
25.5
24.5
25.5
25.5
25.5
25.5
25.5
25.5
25.5
25.5
26
26.5
28.5
28.5
28.5
28
28
27.5
27.5
27.5
28.5
28.5
