27
27
27
27
27
29
29
29
26
26
24
24
24
24
26
26
26
26
26
26
27
27
29
30
30
30
30
30
30
30
31
31
29
26
26
25
26
26
27
27
27
27
27
27
27
27
27
27
30
30
30
30
29
29
29
29
27
27
27
27
28
27
27
27
27
27
27
27
25
25
25
25
28
28
28
28
31
32
32
32
34
34
32
32
32
32
32
34
34
34
34
34
34
34
34
32
31
31
31
34
34
34
34
34
33
33
36
39
39
39
39
39
37
37
37
37
39
39
38
38
38
36
36
36
36
36
36
36
36
37
37
39
41
41
41
41
41
41
41
41
41
41
41
41
41
41
41
41
41
41
41
42
42
42
42
42
44
44
43
43
40
40
40
40
40
40
41
41
41
41
41
40
40
40
39
36
36
36
38
38
38
38
38
38
38
38
38
39
41
41
41
41
41
41
41
41
44
44
44
45
45
45
45
48
48
48
46
46
45
42
42
42
42
44
46
46
44
44
44
46
46
46
46
46
46
48
48
48
48
51
51
51
51
53
56
56
56
56
56
56
54
54
54
54
53
53
51
51
53
53
53
53
53
53
53
53
53
55
54
54
54
54
54
54
54
56
56
56
56
57
57
57
57
60
60
60
60
62
62
62
62
61
61
61
61
61
62
62
61
61
61
61
63
63
63
63
63
63
63
63
63
65
62
62
61
63
63
63
61
61
62
65
65
65
65
65
65
65
65
65
65
65
63
63
63
65
68
68
68
71
71
71
71
71
71
71
71
70
70
70
67
67
67
64
64
64
64
64
64
64
64
66
66
66
64
64
64
64
63
63
63
63
66
65
65
65
66
66
66
66
68
68
65
65
65
65
62
62
62
62
64
64
64
65
65
65
66
64
64
64
65
65
65
65
65
65
65
65
65
65
65
65
65
65
65
65
65
65
65
65
63
63
63
63
63
65
65
63
63
63
63
62
62
62
62
62
62
62
60
62
62
62
62
62
62
62
62
62
62
62
62
64
64
64
64
64
64
64
65
65
68
67
67
67
67
67
65
65
64
64
64
64
62
62
62
62
62
62
62
62
64
64
61
61
58
58
56
56
56
56
56
56
56
56
56
56
56
56
56
59
59
57
57
57
59
59
59
59
59
59
59
59
59
59
59
59
59
61
61
61
61
62
62
62
62
62
62
61
60
60
60
59
59
59
59
61
63
63
63
63
64
64
64
64
64
64
62
61
61
61
61
61
58
58
58
58
60
60
58
58
56
56
56
57
58
58
58
58
58
58
58
58
58
58
58
58
58
58
58
56
56
56
56
56
58
60
60
57
59
59
61
59
59
59
59
62
62
62
