2
2
2
5
5
8
8
8
8
11
11
11
12
12
12
12
12
12
12
14
14
14
14
13
13
13
13
13
13
13
13
13
13
13
14
14
14
14
14
13
13
13
14
14
14
17
17
17
17
16
16
17
17
17
18
18
18
18
18
18
18
18
18
17
17
17
18
16
16
16
16
16
16
14
14
14
14
15
13
12
12
12
12
12
12
15
15
15
14
14
14
14
14
14
14
14
14
14
14
11
10
10
10
10
10
10
10
10
10
9
9
9
10
10
11
11
13
14
14
14
13
13
12
12
12
12
12
12
12
12
12
12
13
13
15
15
15
15
15
15
13
13
14
11
11
11
11
11
11
9
9
10
10
10
10
10
10
10
8
8
8
8
8
8
11
11
14
17
17
16
19
20
20
20
20
20
20
20
20
19
19
19
19
18
18
16
16
16
16
14
11
11
11
11
11
11
8
10
11
11
10
10
10
10
10
10
10
10
10
10
10
10
10
10
10
8
8
8
7
9
9
9
9
9
9
9
9
9
9
9
9
9
9
7
7
8
8
8
8
8
8
8
6
6
6
6
6
6
6
6
6
6
6
6
5
5
5
5
5
5
5
5
5
6
6
6
6
4
4
4
2
2
2
2
5
5
5
7
4
4
4
4
4
4
3
2
2
2
2
2
2
5
5
7
10
9
9
10
10
10
10
10
8
8
8
9
10
10
8
8
8
5
5
7
7
7
7
7
7
7
7
4
4
4
3
3
5
5
6
8
8
7
7
7
7
7
5
8
8
8
8
10
10
10
12
12
12
12
12
12
12
12
15
15
18
15
15
17
17
17
17
17
17
17
17
17
17
17
17
17
17
15
15
13
15
15
15
15
15
15
12
12
12
14
17
17
17
19
19
19
18
17
17
17
17
17
17
17
17
15
15
17
17
19
17
17
17
17
18
17
17
16
17
18
18
18
18
18
18
18
20
20
20
20
20
20
20
20
20
17
17
17
17
17
18
18
18
18
15
15
15
15
15
15
14
12
12
12
14
14
14
15
15
15
15
15
15
15
15
15
15
15
15
15
15
15
15
15
15
13
13
13
13
12
13
13
13
13
13
13
11
12
10
10
10
10
10
10
11
11
8
8
8
8
10
11
11
11
11
12
12
12
12
12
10
11
11
11
11
11
11
10
10
10
10
10
10
10
11
11
13
13
15
15
15
15
15
15
15
15
17
17
19
19
18
18
17
17
17
17
17
15
15
15
17
17
17
16
18
19
19
20
18
18
18
20
20
20
20
19
19
21
21
24
24
24
25
25
25
25
25
25
25
25
24
24
24
25
24
24
22
22
22
22
22
19
21
21
