22
24
27
27
27
27
28
28
28
28
26
26
26
26
26
27
27
27
25
25
25
24
24
21
21
21
21
21
21
21
19
17
17
17
17
17
17
19
19
19
20
21
21
21
21
21
21
21
21
21
21
21
24
24
22
22
19
19
19
17
20
20
20
19
19
19
19
19
19
21
18
18
18
17
17
17
17
17
17
15
15
15
15
15
15
16
16
13
13
12
12
12
12
12
12
12
14
14
14
14
13
11
11
11
11
11
11
11
11
11
11
11
13
13
13
13
13
13
13
13
13
13
13
11
11
11
11
11
11
11
11
11
11
11
11
11
11
11
11
14
14
14
14
15
15
15
15
15
15
18
18
16
17
17
17
17
17
17
17
15
15
15
17
18
18
18
18
18
18
16
16
16
16
16
16
16
16
16
16
16
16
13
13
13
13
15
15
15
15
14
14
13
14
11
11
11
11
9
9
6
8
8
8
8
8
8
8
8
8
7
7
7
7
8
10
10
12
12
12
12
12
12
13
13
13
14
14
14
14
15
15
15
15
15
15
16
16
16
16
16
16
16
16
16
16
16
16
17
20
22
20
20
20
20
20
20
20
20
20
20
20
20
20
20
20
20
22
25
25
25
25
26
26
26
26
25
25
25
22
23
23
23
23
23
24
24
24
24
24
24
24
24
24
25
25
25
25
25
27
27
27
27
27
27
29
29
29
29
29
29
29
29
29
29
29
27
27
27
27
27
27
27
27
25
25
28
28
28
28
29
29
29
29
29
29
26
26
26
26
26
26
26
26
26
26
26
26
26
26
26
26
26
26
26
28
28
27
27
26
26
26
26
26
26
26
25
25
25
27
30
30
30
30
30
30
30
30
30
30
29
29
29
28
27
27
27
27
28
28
31
31
29
27
27
24
24
24
24
24
24
24
24
24
24
24
24
24
24
22
22
20
20
20
20
20
20
20
20
19
19
19
22
22
22
24
26
26
26
28
28
28
28
28
28
28
31
31
30
30
30
28
30
30
30
30
30
30
30
30
30
30
32
32
32
32
32
30
30
30
30
30
30
29
29
29
29
29
29
29
29
29
29
29
29
29
29
29
29
29
29
28
26
26
26
26
26
26
24
27
29
29
29
29
32
32
32
32
32
31
31
31
31
31
31
31
33
33
33
33
33
35
35
35
35
35
32
32
33
33
32
33
33
33
33
34
34
34
34
34
34
34
34
34
32
32
32
35
35
35
35
35
35
37
37
37
36
37
37
38
36
36
36
36
36
36
37
37
37
35
35
35
35
32
32
32
32
32
32
33
31
31
31
31
31
31
31
31
32
31
31
28
28
28
28
28
28
29
29
