2
3
3
3
3
3
3
3
3
4
6
6
6
6
6
6
5
3
3
2
2
2
2
2
2
2
3
3
3
3
3
3
3
5
5
5
5
6
6
6
5
6
6
6
6
6
6
6
6
6
3
3
4
4
4
4
4
4
4
4
4
4
4
2
2
2
2
3
3
3
3
3
2
2
2
3
5
7
6
6
6
4
4
4
4
4
3
3
3
3
3
3
5
7
7
7
7
10
10
10
10
10
10
10
10
11
13
13
13
13
13
16
16
16
16
16
16
16
16
18
18
18
18
18
19
19
20
20
20
20
20
20
20
17
17
18
18
18
18
18
18
16
19
19
19
19
19
18
16
16
14
14
12
12
12
12
12
10
11
11
11
11
11
11
11
11
9
6
6
6
6
6
7
7
7
7
7
7
7
7
8
8
10
10
12
12
10
7
7
8
9
9
9
11
11
11
11
11
11
11
11
9
9
9
8
9
9
9
9
9
10
10
10
10
10
12
14
14
14
14
14
14
16
14
14
14
14
14
14
14
14
14
16
16
16
16
16
14
14
17
17
17
16
16
16
16
16
18
20
20
20
20
20
20
18
18
18
18
18
18
20
20
20
20
20
20
20
20
20
20
20
20
20
20
20
20
20
20
20
20
20
20
20
20
20
20
20
20
19
18
21
21
21
21
21
21
21
21
19
19
18
18
18
18
18
17
17
19
19
19
19
19
16
16
16
17
17
17
17
16
18
18
18
18
17
17
17
14
14
14
14
14
14
14
13
13
13
10
10
10
10
10
10
10
10
10
10
10
10
10
10
10
10
7
7
7
6
8
8
8
8
8
8
8
8
8
8
8
8
8
8
11
11
11
12
12
12
12
12
12
12
10
10
10
10
10
10
10
10
10
10
10
10
10
11
11
11
13
13
14
16
16
16
16
14
14
13
13
13
13
13
13
13
15
15
14
16
16
16
16
16
16
16
16
16
16
16
16
16
16
16
16
15
16
16
16
14
14
15
15
17
17
15
12
12
9
9
9
9
9
9
6
8
8
8
8
10
10
10
10
10
10
9
9
7
7
7
6
6
6
9
7
8
8
11
9
9
9
9
10
10
11
11
11
11
8
8
8
11
11
11
13
13
13
13
14
14
14
14
14
14
14
16
16
16
16
16
16
19
19
19
19
19
19
21
21
22
22
24
24
24
24
22
19
19
17
19
18
18
20
20
20
20
20
20
20
20
17
16
16
16
16
16
16
16
16
16
16
16
16
16
15
15
15
15
17
19
19
19
19
19
19
19
19
19
18
17
17
17
18
18
18
18
18
18
18
17
17
16
16
16
16
17
16
16
16
16
16
