15
14
16
9
13
19
16
23
14
23
19
19
19
22
22
16
21
22
22
19
22
24
22
23
21
20
19
19
21
21
21
22
24
20
21
18
13
20
19
21
17
20
20
17
20
18
19
20
21
18
17
19
20
19
18
21
17
19
18
19
21
19
20
20
22
20
23
18
20
19
20
21
21
14
20
19
18
17
17
16
15
21
21
15
19
22
19
19
20
23
20
20
19
18
17
21
20
20
19
22
18
10
12
16
15
16
19
16
20
18
18
20
14
15
15
16
16
16
17
15
16
9
18
10
11
14
16
12
11
16
6
16
8
12
13
20
10
15
18
10
12
16
8
22
13
8
14
19
11
16
16
17
16
13
13
9
19
12
19
17
18
15
20
19
17
19
18
18
20
19
22
19
20
22
19
21
15
17
19
18
20
17
18
20
17
14
16
20
22
18
21
19
14
21
17
14
12
13
18
17
13
16
19
19
19
20
18
18
17
17
14
20
17
12
17
18
16
18
13
20
16
21
17
16
16
15
19
14
13
14
16
16
16
13
10
15
15
13
12
17
11
19
12
13
6
8
13
14
16
18
7
18
12
10
16
15
10
14
11
19
17
15
12
17
11
12
17
11
15
13
14
11
14
11
10
13
10
14
14
16
14
9
13
16
15
12
11
11
11
8
17
12
14
14
13
12
14
11
14
15
16
15
15
11
17
14
20
18
17
11
12
16
14
10
15
12
13
17
7
14
14
15
17
14
16
15
17
12
14
19
15
14
14
15
19
17
20
12
22
18
19
11
20
18
20
22
19
20
19
19
17
16
21
21
20
22
19
22
22
20
15
20
22
20
20
19
25
14
21
22
23
20
23
17
24
24
22
13
20
15
19
17
21
17
20
21
20
23
22
19
22
20
20
22
22
21
22
18
17
18
18
19
16
20
15
13
19
17
17
19
19
17
16
15
20
19
21
20
16
13
21
19
12
14
20
20
17
17
18
20
21
15
17
16
18
20
21
20
13
18
17
15
14
19
14
16
19
20
20
18
19
18
22
22
21
18
20
20
16
17
20
20
17
19
21
19
19
22
18
23
19
16
19
19
23
22
20
19
21
22
17
23
19
13
16
15
16
16
19
17
20
20
19
22
19
14
14
15
9
16
17
15
16
14
17
19
14
15
13
17
18
11
10
18
21
15
16
13
12
12
14
14
13
16
11
15
14
10
16
15
11
11
15
19
17
16
17
16
10
15
20
16
16
11
15
13
16
20
19
15
20
18
21
15
12
20
12
13
13
15
20
17
20
20
19
20
20
17
17
18
15
15
17
17
15
23
18
12
16
20
20
22
20
21
22
17
17
16
