26.5
27.5
28
28
28
28
30
30
31.5
31.5
31
31
31
31
29.5
29.5
29.5
29.5
29
29
27
27
27
26
26
27
27
27
27
27
27
26
25.5
25
23
23
23.5
22
22
22.5
21.5
21
21
21
21
20
20
20
20
20
21.5
21.5
20.5
21
21
21
22
22
22
22
24
24
24
24
24.5
26
26
26.5
27
28
27
29.5
30.5
31.5
33.5
32.5
32
31
31
31
31
31
31
31
31.5
31.5
31.5
31
32
32
32.5
32.5
32.5
34
34
34
34
33
33
33
33
33
33
33
33
33
33
33
33.5
33.5
33.5
32.5
32.5
31.5
31.5
31.5
31.5
31.5
31.5
32
32
30.5
30.5
31.5
31.5
31.5
30.5
29
30
30
30
30
30
29.5
28.5
28.5
29
29.5
30.5
31
31
30.5
31
30
30
30
30.5
30.5
29
29
29
28.5
28.5
28.5
27.5
26.5
25
25
25
25
25
25
25
25
26
26
27
26.5
26.5
27
27
27
27
26
26
26
23.5
23.5
24
23.5
26
27
25.5
25.5
24.5
23.5
23.5
23.5
24.5
24.5
23.5
23.5
23.5
23.5
24
24
24
24
24.5
24.5
24
24
24
24.5
24.5
24.5
24.5
24.5
24.5
24.5
23.5
23.5
22
22
21.5
21
20.5
20.5
20.5
19
19.5
20
20
20.5
20.5
20.5
22
22
22
22
23
24.5
24.5
24.5
24.5
24.5
23.5
23.5
23.5
23.5
24
24
24
24
24
24
24
23
23
23
23
21.5
21.5
21
21
21
21.5
21.5
22
22
22.5
22.5
22.5
22.5
22.5
21
22
19.5
20.5
20.5
21.5
20.5
20.5
19
19
19
19
19
19
19
18.5
17.5
17.5
17.5
17.5
17.5
19
19
19
21.5
21.5
21
21
22.5
23
23
23.5
23.5
23.5
23.5
23.5
23.5
23.5
22
22
22.5
21.5
21.5
21.5
21.5
21
22.5
24.5
22.5
22.5
22.5
22.5
21
21
21
21
21
21
19.5
19.5
19.5
19
19
19
19
19
19
19
17.5
18
19
19
17.5
17
17.5
18
16.5
18
18
17.5
17.5
19
19
19
19
19
19
18.5
19.5
19.5
19.5
19.5
19.5
19.5
19.5
21
22
22
22
23
23
24
24.5
26
28.5
30
30
30
30
29.5
30
30
29.5
30.5
32
32
32
32.5
32.5
32.5
31
31
31
30.5
32
32
32.5
34
34
33
33
32
32
32
33
33
33.5
33.5
32.5
32.5
33
33
32.5
33
33.5
33.5
32.5
32.5
32.5
34
34
33.5
32
32
33
33
32.5
33
32
32
32
32
32
31
31
31
32
32
32
32.5
33
33
32
32
32
32
31.5
30.5
30.5
29.5
29.5
29
29
29
29
29
31
31
31
32.5
32.5
32.5
32
32.5
31
31
31
31
31
29.5
29.5
28.5
28
27
27
28
28
28
29.5
29.5
29
29
29
31
31
31.5
31.5
30
30
30.5
30.5
30.5
29
29
29
29
29
29
28.5
29.5
29.5
29.5
29.5
29
29
29
30
30.5
30.5
31.5
31.5
31.5
31.5
31.5
31.5
31.5
31.5
31
31
31
31
31
29
30
30
28.5
27
27
27
27
27
27.5
26.5
26.5
27.5
27.5
27.5
27.5
26.5
26.5
26.5
27.5
26
26
24.5
25.5
25
25
25
25
26.5
26
26
26.5
26.5
26.5
26
26
26
26
27
25.5
25
23.5
23
23.5
23
23
23
23
24
24
24
26.5
25
25
25
23.5
23
22.5
22.5
23
22
23
23
24
24
23
23.5
23.5
23.5
23.5
23.5
22
23
23.5
23
23
22.5
22.5
23
23
23
23
21.5
20
20
20
20
20
20
20
19
19
19
18
18
19
19.5
19
19
18.5
17.5
16
16
17
17.5
16.5
15.5
16.5
16.5
16.5
16.5
16.5
16.5
18
18
18
18
18.5
18.5
18.5
18.5
18.5
18.5
18
18
18.5
19
19
19
19
20
20
21
21
21
21
21
20
20
20
19
19
19
18
18
19
18.5
18.5
18.5
18.5
19.5
20.5
20.5
21.5
21.5
22
22
22
22
22
21.5
20.5
20.5
20.5
20.5
20.5
20.5
20.5
20.5
21
20
20
20
20
20
19.5
19.5
18
18
18
18
18.5
18.5
18.5
21
21
21
21
20.5
22
23
22
22
22
22
21
21.5
23
23.5
24
24
24
24
24.5
24.5
24.5
25
24
25
25
24
25.5
25
25
25
25
24
24
25.5
25.5
25.5
25.5
24
25
25
25
25
25
25
25
24.5
25.5
26
26
26
26.5
26.5
26.5
26.5
27
27
27
27.5
27.5
28.5
28.5
28.5
29
29
27.5
26.5
27
27
27.5
28.5
27
27
27
27
27
27
26
26
24.5
24.5
24.5
24.5
25.5
25.5
25.5
25.5
25.5
24.5
24
23.5
24.5
25.5
25
25
25
25.5
25.5
26
26
26
25
25
25.5
25.5
25.5
25.5
24.5
26
25.5
25.5
25.5
24.5
